0 5 11   0 5 0   0 1 0   1   2 2
0 5 0   0.7 0.7 0.7   0.7 0.7 0.7
512 368 10
0 0 0
P
W -5 0 -5   5 0 -5   5 0 5   -5 0 5
0.1 0.1 0.8   0.1 0.1 0.8   0.2 0.2 0.2   0.3 0.7 0.2 10 0 0

W -5 10 -5  -5 10 5  5 10 5  5 10 -5
0.8 0.8 0.8   0.8 0.8 0.8   0.2 0.2 0.2   0.3 0.7 0.2 10 0 0

W -5 0 -5   -5 10 -5   5 10 -5   5 0 -5
0.8 0.8 0.8   0.8 0.8 0.8   0.2 0.2 0.2   0.3 0.7 0.2 10 0 0

W -5 0 5   -5 10 5   -5 10 -5   -5 0 -5
0.8 0.1 0.1   0.8 0.1 0.1   0.2 0.2 0.2   0.3 0.7 0.2 10 0 0

W 5 0 -5   5 10 -5   5 10 5   5 0 5
0.1 0.8 0.1   0.1 0.8 0.1   0.2 0.2 0.2   0.3 0.7 0.2 10 0 0

S -2 1.75 -1.5   1.75   0
0.7 0.7 0.7   0.7 0.7 0.7   1 1 1   0.3 0 0.2 20 0.8 0

S  2 1.75  1.5   1.75   1.5
0.7 0.7 0.7   0.7 0.7 0.7   1 1 1   0.3 0.6 0.5 50 0 0.6
